hotel_id,user_id,rating,review_count,price_per_night,distance_to_city_center,amenities_score,room_comfort,cleanliness_score,staff_friendliness_score,free_wifi,breakfast_included
52,34,2,258,136.04,15.73,1.3,8.3,9.6,8.3,1,0
93,111,2,206,202.22,15.81,9.9,5.3,9.1,3.3,1,0
15,264,2,77,188.91,12.22,1.3,1.5,7.3,6.7,0,0
72,424,2,12,476.17,19.81,5.0,2.6,1.9,5.1,1,0
61,369,2,295,485.31,6.84,5.5,7.4,3.5,8.8,0,0
21,236,2,224,132.36,18.85,2.1,7.4,3.9,9.3,0,0
83,83,2,13,59.92,18.34,2.5,9.1,7.9,10.0,0,0
87,42,2,46,374.0,0.72,4.2,6.2,8.2,2.4,0,0
75,425,2,155,238.1,9.28,7.9,2.1,4.5,8.8,0,1
75,101,2,113,89.98,19.55,5.6,2.1,4.8,3.4,1,0
88,6,2,233,357.69,2.51,6.7,7.5,1.4,6.3,0,1
100,180,2,17,295.3,11.18,9.9,2.7,3.6,5.6,1,0
24,282,2,223,491.23,19.59,7.9,4.0,5.1,1.2,1,1
3,320,2,188,152.33,11.33,4.9,5.4,2.1,9.4,0,1
22,226,2,163,231.79,4.2,5.0,1.2,5.1,1.7,1,0
53,443,2,74,294.15,11.85,6.6,3.2,8.7,7.2,1,1
2,440,2,233,406.26,4.49,7.0,4.7,6.2,8.1,0,1
88,315,2,224,296.98,10.63,5.5,3.5,1.7,8.2,1,1
30,365,2,60,325.81,1.94,6.8,2.2,2.7,2.2,0,0
38,454,2,222,151.77,12.31,1.2,7.6,5.3,5.0,0,1
2,229,2,37,431.11,10.58,4.9,8.3,4.3,8.5,0,1
64,377,2,278,242.88,14.93,3.5,3.3,4.2,3.7,1,0
60,289,2,196,113.43,12.8,2.2,8.0,5.8,5.2,1,1
21,437,2,242,348.88,11.22,1.9,4.5,6.3,3.5,1,1
33,150,2,219,147.24,13.95,6.4,5.6,8.2,5.2,1,1
76,277,2,192,93.9,3.31,5.7,8.7,4.1,9.0,0,0
58,198,2,17,437.89,12.11,3.3,7.7,8.2,5.1,0,1
22,70,2,12,257.07,3.86,5.2,8.2,4.0,6.0,1,0
89,112,2,193,387.18,18.55,5.4,2.2,1.5,4.6,0,1
49,4,2,22,180.76,1.83,2.8,1.6,6.0,5.1,1,1
91,350,2,120,404.14,8.89,6.9,9.0,6.3,1.1,0,1
59,331,2,210,100.37,14.07,8.0,4.5,9.4,3.6,0,1
42,446,2,270,210.19,9.43,8.1,3.6,7.5,4.9,0,0
92,318,2,192,490.13,2.3,6.4,7.5,9.3,6.7,0,1
60,350,2,175,407.3,11.29,5.6,8.5,9.2,5.1,0,0
80,95,2,285,273.77,13.01,1.5,8.8,6.4,4.0,1,1
15,152,2,204,202.9,14.22,3.6,3.8,5.7,4.5,1,0
62,311,2,164,442.46,7.78,1.8,8.7,6.0,3.2,0,1
62,137,2,251,295.18,11.49,9.7,1.4,9.8,9.3,1,1
47,247,2,227,391.29,9.29,2.2,1.4,8.0,5.7,0,0
62,387,2,7,389.35,13.61,2.4,6.6,2.0,1.1,0,0
51,243,2,29,58.08,11.88,9.0,1.6,8.0,1.2,0,0
55,31,2,33,106.81,10.75,9.5,3.9,2.5,9.8,0,0
64,40,2,134,346.83,5.37,7.9,7.1,5.0,3.0,1,1
3,229,2,79,122.73,0.54,1.0,4.0,2.9,8.3,0,0
51,36,2,58,164.97,3.89,1.0,2.6,7.2,1.5,1,0
7,408,2,26,475.99,2.78,4.4,3.5,8.9,9.3,0,0
21,223,2,226,302.08,9.26,2.3,5.1,3.6,8.9,0,1
73,6,2,285,387.83,12.44,1.2,5.3,1.7,6.1,1,1
39,322,2,4,301.09,4.66,5.2,8.0,3.7,1.1,0,1
18,468,2,99,298.63,18.81,9.5,7.8,7.1,3.3,0,1
4,220,2,39,92.37,0.63,3.9,5.1,4.0,4.7,1,0
89,75,2,271,204.65,15.56,7.0,8.6,3.5,5.1,1,1
60,4,2,285,177.09,12.69,6.9,2.0,2.7,3.7,1,0
14,335,2,157,225.83,7.78,3.3,3.3,5.5,1.3,0,1
9,134,2,75,409.25,1.48,6.9,8.5,3.5,6.3,0,0
90,118,2,288,217.37,12.74,2.9,4.4,7.6,5.7,1,0
53,369,2,130,253.26,8.02,2.1,9.8,1.7,3.5,1,0
2,94,2,175,228.82,18.76,7.3,5.2,7.0,1.3,0,0
84,486,2,84,92.03,11.07,2.0,8.1,3.1,10.0,0,0
92,435,2,22,248.48,18.82,10.0,4.6,5.4,5.3,1,1
60,62,2,27,138.02,4.8,2.7,4.8,3.6,7.8,1,0
71,441,2,195,134.03,14.65,6.3,4.4,7.5,5.1,1,0
44,194,2,236,92.32,12.54,4.7,7.5,9.5,1.4,1,0
8,335,2,92,210.5,14.92,2.1,5.9,9.3,3.8,0,0
47,203,2,21,390.87,4.69,1.3,9.5,6.3,3.9,0,1
35,392,2,84,174.4,13.47,6.6,3.3,5.2,8.5,0,1
78,26,2,262,190.56,10.21,8.3,1.9,8.4,6.9,0,0
81,435,2,147,339.2,14.99,8.6,4.5,7.1,3.5,1,0
36,173,2,257,138.13,6.88,5.3,6.6,2.7,9.7,0,0
50,300,2,58,453.63,17.86,8.0,8.7,8.4,3.9,1,0
4,133,2,15,284.09,2.14,7.1,4.1,4.9,10.0,0,1
2,326,2,162,251.42,16.24,7.5,6.9,2.7,10.0,0,1
6,410,2,163,301.02,17.3,5.4,4.2,3.5,2.7,0,0
54,118,2,281,124.72,16.44,6.7,6.6,3.4,3.8,1,0
4,324,2,280,326.06,10.5,8.2,9.0,5.7,5.4,0,0
54,275,2,12,213.4,9.05,4.6,3.1,3.1,7.0,1,0
93,212,2,274,453.73,19.93,8.3,4.6,2.1,5.8,1,0
63,225,2,271,125.98,4.97,6.3,9.9,2.1,9.7,0,1
18,20,2,208,278.17,11.16,2.5,8.8,6.2,7.5,1,1
90,113,2,27,319.15,13.58,1.2,6.1,7.6,2.9,0,0
44,140,2,72,65.02,14.17,4.3,5.6,3.9,1.9,1,1
34,47,2,60,213.66,4.48,5.9,3.6,1.3,7.2,0,1
74,1,2,145,379.69,13.25,8.6,5.7,2.1,2.4,1,1
62,90,2,93,419.17,16.46,2.1,8.6,9.2,8.1,1,0
100,142,2,8,190.92,1.48,8.2,7.2,5.4,3.8,0,1
14,320,2,79,409.37,18.27,8.8,3.6,5.1,3.9,0,1
95,38,2,27,485.49,1.08,2.4,2.8,1.3,1.1,0,0
48,293,2,174,435.59,7.44,8.7,3.4,7.6,7.3,0,1
15,382,2,50,102.94,0.81,9.9,2.5,5.8,2.0,1,0
72,139,2,199,382.88,2.0,7.5,1.9,2.8,8.0,1,1
78,356,2,181,193.85,18.27,8.1,4.8,2.0,5.4,1,0
87,333,2,24,494.79,7.42,9.9,2.0,4.5,8.1,1,0
62,491,2,46,268.41,8.78,6.4,2.5,8.5,6.3,0,1
40,259,2,15,105.1,4.7,3.8,5.9,8.8,1.7,1,1
85,161,2,153,376.33,12.14,8.5,2.5,6.4,7.9,0,0
80,390,2,222,195.36,12.1,6.5,1.6,7.5,1.6,1,0
82,178,2,206,498.69,7.76,6.2,3.9,2.0,5.3,0,1
53,10,2,273,490.9,6.99,3.3,3.0,6.3,2.6,0,1
24,261,2,236,345.26,17.76,7.8,5.6,7.0,7.8,0,1
26,407,2,228,108.42,7.97,1.7,1.9,2.8,9.2,0,1
89,138,2,9,359.09,10.12,9.3,7.8,8.9,6.0,0,0
60,172,2,166,91.86,6.02,3.9,9.2,2.8,5.7,1,0
41,386,2,214,63.21,15.84,2.1,7.7,3.8,7.9,0,0
29,13,2,117,420.33,8.25,5.0,5.8,6.6,1.0,1,1
15,168,2,72,144.39,10.52,1.4,8.7,6.7,9.3,1,1
45,130,2,64,220.56,5.44,7.2,7.3,7.3,2.8,0,0
65,84,2,205,488.06,19.76,9.1,1.1,2.0,9.9,1,0
89,321,2,209,201.58,6.18,8.5,4.5,8.6,7.6,1,0
71,319,2,72,183.42,15.53,2.1,8.7,5.8,8.0,1,0
9,101,2,277,463.19,8.84,2.1,4.1,5.2,6.9,0,0
88,329,2,274,99.84,4.52,8.3,1.3,9.8,5.2,0,0
1,273,2,95,391.81,16.09,9.3,7.7,7.7,6.1,0,1
8,265,2,166,494.63,7.01,5.1,8.2,2.1,1.4,0,0
88,459,2,32,455.58,17.37,5.5,2.4,7.8,6.6,1,0
63,399,2,11,343.25,18.35,3.9,5.8,1.9,6.6,1,0
11,408,2,217,191.33,17.27,9.0,2.7,1.2,9.0,1,0
81,38,2,289,164.44,1.18,6.8,7.5,4.6,5.6,1,0
8,419,2,102,418.66,15.85,3.6,3.4,9.9,1.7,1,0
35,94,2,267,445.92,8.52,3.7,3.8,2.6,3.8,1,0
35,95,2,214,286.45,17.54,9.0,8.6,7.1,6.9,0,1
33,305,2,179,159.95,12.94,1.1,5.3,2.6,3.2,1,0
5,69,2,88,100.82,16.76,3.9,7.0,7.5,3.5,1,1
41,318,2,41,89.23,10.24,6.0,4.6,5.5,8.4,1,1
28,444,2,76,373.58,10.93,2.3,3.7,7.1,6.3,0,1
7,236,2,46,239.05,3.32,1.8,6.6,2.8,5.6,1,0
73,434,2,160,457.41,15.79,8.3,2.4,7.7,3.9,1,0
72,334,2,80,382.85,8.68,9.0,4.4,10.0,7.6,0,0
12,373,2,86,136.07,10.25,8.4,2.9,7.0,3.6,1,0
34,376,2,92,326.2,15.81,9.1,7.3,5.4,7.6,0,0
33,459,2,148,245.98,12.18,6.0,9.5,9.3,1.6,0,0
48,137,2,161,309.76,4.42,8.3,10.0,1.1,8.8,1,0
23,418,2,202,382.13,12.01,4.5,5.1,7.6,5.5,1,0
62,76,2,242,412.79,8.45,7.0,3.3,9.0,4.9,0,0
88,483,2,2,429.68,9.66,9.9,5.0,1.6,6.5,1,0
37,35,2,225,164.29,1.05,3.0,8.6,5.1,6.6,1,1
99,1,2,289,64.0,4.6,4.5,2.9,2.8,2.2,0,0
44,296,2,233,382.68,5.98,5.3,9.6,6.1,7.8,0,0
86,320,2,77,97.85,14.4,2.2,4.1,6.8,3.5,1,0
91,406,2,116,191.71,0.72,1.7,9.9,3.7,9.1,0,1
35,60,2,154,51.72,8.47,8.5,8.5,5.1,8.4,1,0
65,320,2,103,356.75,18.52,9.8,8.3,3.5,4.1,1,0
99,349,2,194,125.21,2.68,4.6,3.9,4.3,8.3,1,1
47,328,2,166,344.88,10.57,1.8,1.1,2.4,4.2,1,0
78,267,2,90,496.28,15.84,1.6,4.4,9.0,1.9,0,1
3,361,2,174,82.7,18.88,9.0,3.7,1.1,9.7,1,1
1,229,2,122,84.69,15.06,5.2,1.3,8.9,6.9,0,1
5,270,2,143,203.17,14.55,3.9,5.5,6.1,5.1,1,1
90,316,2,106,439.87,16.62,5.3,4.6,4.0,4.6,1,0
14,286,2,123,146.99,9.2,3.9,6.7,7.5,3.9,0,1
27,291,2,9,212.17,16.21,5.4,6.6,5.6,9.8,1,1
9,213,2,262,80.83,0.66,8.7,2.1,5.5,2.2,0,0
79,165,2,73,393.42,18.53,6.3,9.8,2.0,3.8,0,0
15,5,2,223,233.74,9.14,7.3,2.7,4.5,5.4,1,0
90,339,2,41,391.66,11.29,4.3,5.0,3.2,5.3,1,1
42,379,2,204,456.62,5.47,7.6,5.4,1.1,5.2,1,0
77,78,2,264,154.74,14.98,7.0,8.3,4.2,2.6,1,1
51,410,2,178,413.33,1.99,2.1,1.9,1.8,2.3,0,1
63,62,2,84,76.59,17.52,6.2,4.9,3.3,3.3,1,0
96,132,2,111,454.48,16.65,3.3,6.7,1.8,9.2,1,0
52,89,2,251,342.85,4.71,8.2,2.9,1.9,2.0,1,0
96,237,2,7,443.4,16.28,4.8,6.6,2.8,7.8,1,0
4,42,2,84,50.08,15.83,10.0,9.3,10.0,7.8,1,0
94,89,2,208,126.09,12.83,1.8,10.0,1.0,8.3,0,0
23,402,2,22,225.39,7.78,8.0,1.3,6.7,9.0,1,1
15,296,2,3,220.78,5.79,7.1,3.1,2.3,3.4,0,1
43,328,2,127,152.03,5.02,7.9,3.8,9.3,3.0,1,0
29,295,2,297,221.73,6.71,3.8,4.6,1.8,5.2,1,1
36,104,2,188,107.98,18.12,5.4,3.2,9.6,3.4,1,1
13,14,2,14,235.74,2.01,8.2,2.8,6.5,7.6,0,1
32,288,2,12,411.06,16.66,3.1,9.6,1.0,6.7,1,1
71,179,2,87,265.58,7.3,3.0,9.3,9.0,8.9,0,1
59,125,2,12,58.1,10.67,6.0,1.4,5.7,1.7,0,1
86,422,2,25,239.65,15.99,5.7,4.0,3.4,9.2,1,0
28,353,2,243,62.23,17.75,3.5,4.6,7.9,3.6,0,0
66,23,2,122,484.81,7.22,3.7,3.2,9.3,5.4,1,0
42,63,2,147,107.35,9.51,3.5,6.7,5.4,4.9,1,1
45,143,2,55,368.46,8.58,7.9,6.8,3.8,7.8,0,0
62,481,2,238,487.75,0.76,6.9,8.7,8.1,4.8,1,0
57,153,2,173,421.72,6.27,8.5,7.7,7.1,9.5,1,0
6,145,2,221,364.69,9.45,9.8,5.9,9.0,9.1,0,1
28,225,2,119,427.76,8.52,5.3,6.9,7.2,8.8,0,0
28,495,2,183,491.81,14.58,1.6,3.5,3.2,1.6,0,1
44,450,2,288,329.61,8.0,1.4,6.3,9.4,8.7,0,0
84,462,2,82,301.63,10.04,3.7,5.4,1.9,8.0,0,0
30,309,2,211,332.71,8.88,9.4,2.2,3.4,1.9,0,0
62,104,2,150,289.7,14.94,5.7,3.2,5.7,2.0,1,1
75,104,2,37,335.79,17.33,3.4,3.6,6.1,1.9,0,1
92,435,2,59,252.43,10.87,4.6,9.3,1.1,1.1,0,1
89,39,2,131,148.3,15.89,6.4,3.1,8.0,5.9,1,1
62,435,2,202,104.11,6.29,6.9,3.6,4.3,9.8,1,1
97,198,2,243,80.75,11.06,2.4,4.3,4.7,4.9,0,0
1,134,2,35,168.49,7.23,9.8,7.0,8.3,5.9,0,0
27,67,2,93,70.76,8.58,5.9,2.1,4.4,9.7,1,1
62,391,2,207,305.23,14.78,2.2,9.6,1.4,3.3,0,1
77,179,2,213,177.72,17.69,9.0,8.8,2.6,8.7,0,0
3,456,2,159,421.04,2.87,1.7,6.2,9.6,5.9,1,1
70,42,2,24,83.41,12.88,9.2,7.1,1.6,6.1,0,0
72,448,2,293,151.86,11.85,10.0,1.1,4.2,4.1,1,1
27,500,2,4,378.61,2.81,7.3,4.1,5.5,6.1,0,0
9,15,2,220,319.46,4.63,7.9,8.2,5.4,1.7,1,1
62,111,2,20,79.02,6.56,4.0,1.7,1.0,7.9,1,1
37,157,2,152,444.76,3.76,9.5,3.5,5.5,3.6,1,0
97,289,2,50,444.77,5.25,5.8,6.3,4.5,9.0,0,0
51,500,2,177,198.68,5.72,7.6,3.3,9.7,4.3,1,1
44,478,2,96,203.18,7.05,9.3,9.4,2.4,2.3,0,1
24,231,2,105,495.06,15.11,9.8,2.2,4.2,7.3,1,0
79,411,2,250,331.78,11.65,8.5,8.2,4.8,2.5,1,1
59,420,2,117,289.09,19.73,3.7,5.6,4.5,7.8,1,0
32,157,2,228,427.17,8.59,9.7,7.8,7.0,9.7,0,0
96,38,2,66,178.38,15.2,6.7,3.8,2.9,8.0,0,1
88,441,2,262,243.13,17.49,9.4,5.6,3.0,1.2,1,0
52,97,2,295,170.5,13.74,7.1,8.7,7.6,6.4,0,0
62,485,2,243,405.12,8.53,3.8,5.2,5.5,7.3,0,1
58,411,2,186,308.01,15.2,4.3,4.2,4.7,8.4,0,0
52,439,2,246,346.47,4.47,6.0,5.8,2.5,1.5,1,0
12,289,2,125,163.54,6.89,8.1,7.5,2.7,5.3,0,0
39,254,2,268,149.1,11.16,3.9,5.0,1.1,5.8,1,0
2,196,2,131,269.77,11.72,6.2,9.4,1.8,2.5,1,1
3,86,2,237,381.9,0.93,4.1,3.7,6.0,3.9,1,0
56,322,2,18,286.36,18.93,8.3,5.3,9.0,5.0,0,1
81,10,2,40,64.69,14.08,5.2,7.8,3.6,8.5,1,0
59,5,2,21,440.85,10.17,1.7,7.2,3.9,9.4,0,1
2,123,2,225,79.11,18.7,2.5,8.8,2.0,6.7,0,0
2,330,2,282,480.12,9.06,1.5,10.0,4.5,4.6,1,1
92,353,2,8,61.31,19.62,5.5,4.8,1.3,3.3,1,0
54,118,2,100,362.5,10.49,2.0,2.0,9.3,9.8,1,0
87,294,2,240,86.99,2.73,2.0,1.3,7.1,9.8,0,0
96,397,2,87,459.8,15.41,9.5,7.5,9.9,9.3,0,0
97,159,2,298,258.99,13.74,8.9,8.9,8.9,8.1,1,1
1,303,2,14,111.89,15.57,5.1,3.0,5.3,3.9,1,1
19,228,2,2,203.37,19.05,9.9,2.4,5.7,8.4,0,0
2,365,2,293,124.17,15.64,1.0,1.6,2.7,4.7,0,1
53,216,2,41,126.76,12.42,6.5,8.4,5.2,3.9,1,0
44,436,2,111,476.65,17.22,6.5,3.8,9.1,7.7,0,0
90,184,2,14,250.36,13.63,5.1,4.6,1.5,1.7,0,1
32,15,2,231,404.96,8.46,4.6,5.5,8.8,1.4,0,1
70,157,2,84,337.82,17.77,5.1,8.6,4.1,5.0,0,1
32,136,2,130,354.39,4.83,4.7,6.9,9.1,5.0,0,0
68,261,2,231,109.26,14.44,7.6,6.5,9.5,9.1,0,0
55,157,2,145,155.38,17.69,2.2,2.6,7.0,2.1,1,1
75,47,2,28,404.04,14.76,2.8,5.6,7.0,2.1,0,0
56,324,2,66,486.84,14.1,2.6,7.4,5.1,2.3,1,1
17,332,2,163,168.2,15.18,3.4,9.8,8.5,1.3,1,1
38,173,2,229,172.21,9.57,5.7,2.8,9.7,1.6,0,1
24,130,2,261,262.8,17.55,2.0,1.1,8.0,6.9,1,1
69,411,2,164,492.73,4.47,8.8,1.7,6.6,4.9,1,1
98,95,2,287,171.03,2.98,3.7,4.4,6.5,7.9,1,1
70,115,2,10,233.14,6.07,2.5,8.4,8.6,9.9,0,0
86,243,2,195,451.17,10.87,7.1,1.1,5.9,6.9,1,0
11,420,2,118,51.31,10.46,1.3,5.1,8.2,1.5,0,1
16,292,2,270,67.89,16.5,6.6,4.0,5.6,1.9,1,1
97,282,2,80,321.83,8.39,7.3,1.5,1.6,8.9,1,1
73,299,2,93,458.32,9.94,2.9,5.1,4.5,5.7,1,0
59,283,2,266,157.49,0.76,1.4,3.3,5.0,8.4,1,1
70,69,2,257,261.34,8.49,4.3,4.2,2.3,8.7,0,1
80,148,2,133,252.71,13.13,1.9,7.4,1.9,9.3,1,1
93,11,2,276,262.84,0.8,2.0,5.7,5.8,9.5,1,0
3,254,2,264,330.13,5.98,3.3,2.1,1.8,6.0,0,1
20,330,2,171,261.38,4.56,3.7,9.7,3.7,4.1,0,0
59,360,2,1,251.36,1.32,5.8,6.7,7.7,9.7,0,0
36,38,2,64,263.43,9.85,7.1,7.9,9.7,5.9,1,1
19,134,2,284,315.89,4.04,6.3,1.7,7.5,1.6,0,0
90,200,2,121,291.65,14.99,2.3,1.4,9.9,6.8,0,0
67,23,2,107,434.36,17.03,2.5,1.2,7.3,6.3,0,0
19,303,2,175,72.27,11.14,8.9,2.7,3.6,9.1,0,1
20,346,2,204,424.99,19.64,6.0,4.7,7.0,6.9,0,0
96,302,2,165,429.77,9.28,8.8,9.4,7.3,4.1,0,1
71,363,2,120,178.21,10.51,4.3,5.1,4.3,9.7,1,1
52,396,2,44,258.28,19.79,6.5,3.6,1.2,8.2,0,1
33,218,2,156,247.34,5.02,5.7,6.1,7.3,6.7,1,0
40,141,2,207,148.33,18.88,3.9,2.0,1.2,3.6,0,1
39,104,2,108,228.56,1.34,5.2,6.5,6.7,4.4,0,0
82,446,2,251,69.97,9.2,5.5,6.1,2.5,7.0,0,0
1,210,2,130,175.02,1.87,2.8,8.1,6.1,1.6,1,0
11,473,2,293,417.51,14.72,3.8,9.9,5.5,3.3,0,0
92,481,2,20,178.05,12.36,8.1,3.3,1.1,7.4,0,1
57,111,2,282,418.19,14.28,9.2,5.6,4.3,5.3,0,1
89,104,2,285,289.22,7.8,4.2,9.2,6.4,4.6,0,0
50,316,2,1,445.94,7.7,3.8,8.1,8.6,2.4,1,1
23,171,2,119,308.65,1.38,2.8,5.4,9.0,5.0,1,1
31,460,2,35,63.35,7.32,7.1,9.5,5.4,7.9,1,1
94,492,2,198,353.94,18.62,3.9,1.5,7.6,3.4,1,0
42,356,2,245,70.18,7.89,9.9,9.4,3.8,1.0,1,1
99,496,2,59,252.77,16.71,3.9,1.5,4.1,7.0,0,0
7,324,2,161,468.24,16.93,4.5,5.9,2.8,9.8,0,1
16,133,2,179,124.34,7.78,6.4,9.0,6.1,6.5,0,0
90,376,2,206,225.44,12.82,8.2,3.4,3.8,2.1,1,0
60,293,2,12,378.44,2.36,5.2,5.3,1.8,3.9,0,0
2,328,2,276,447.02,2.52,4.8,3.9,7.2,8.8,1,1
1,127,2,181,351.92,1.45,10.0,9.6,7.4,3.1,0,0
48,106,2,242,166.18,11.83,1.1,8.4,4.2,6.5,1,1
12,497,2,216,353.57,8.81,9.1,7.4,1.7,4.6,0,0
69,92,2,251,183.53,11.19,2.3,6.3,4.8,2.9,0,1
37,287,2,299,373.29,10.66,8.1,8.4,5.0,8.3,0,0
32,378,2,126,479.31,7.33,6.6,4.5,7.0,7.7,0,1
9,393,2,217,374.63,13.71,4.1,5.0,3.8,7.0,1,0
99,51,2,285,438.3,15.29,8.9,7.6,7.1,3.1,0,0
19,29,2,185,50.95,0.79,1.1,4.2,8.8,1.9,0,0
48,462,2,39,372.91,4.54,3.0,1.6,3.1,6.2,0,1
80,296,2,223,423.31,14.41,6.1,1.7,9.8,6.0,1,0
3,297,2,184,68.25,8.04,4.2,2.0,4.5,2.7,0,0
20,214,2,178,442.22,13.42,6.5,8.8,3.4,1.5,0,0
24,267,2,294,165.51,7.27,1.2,5.3,4.8,1.7,0,0
54,407,2,151,349.38,8.12,2.0,7.4,1.8,9.9,0,1
33,257,2,126,410.16,3.59,2.1,4.5,2.1,8.1,0,0
24,302,2,234,348.2,5.54,2.7,3.3,4.7,9.3,1,0
75,101,2,8,91.53,12.31,5.1,4.1,7.9,2.8,1,1
72,405,2,129,318.34,8.95,7.8,8.1,9.1,9.6,1,1
36,346,2,264,297.31,15.6,9.1,6.6,7.0,2.3,0,1
38,110,2,157,455.14,17.13,8.5,9.4,1.9,5.6,1,0
84,420,2,5,231.91,11.06,2.8,7.1,7.0,8.5,0,1
99,182,2,86,194.49,15.29,5.0,6.1,6.7,4.1,0,1
89,471,2,175,387.43,6.48,2.8,6.5,8.3,4.8,0,1
99,313,2,290,235.7,8.59,3.4,9.5,8.4,2.2,0,0
25,1,2,193,340.74,14.4,5.5,8.1,8.8,2.1,1,0
93,319,2,119,340.9,8.03,1.6,1.2,4.7,6.6,1,0
18,438,2,218,449.62,11.98,3.0,5.8,7.3,7.1,1,1
82,55,2,114,319.41,4.11,9.4,7.2,3.4,8.0,0,0
66,371,2,145,275.97,12.2,5.2,7.7,10.0,6.0,1,1
54,424,2,26,112.49,17.3,5.0,2.9,2.6,6.8,1,1
35,399,2,136,102.08,17.44,1.1,8.8,1.1,1.1,0,1
80,149,2,232,119.44,14.62,3.2,9.6,2.3,2.5,1,0
61,431,2,76,127.33,15.04,8.8,3.1,8.0,9.9,0,1
41,457,2,289,337.04,11.38,2.5,8.9,5.0,1.7,1,1
100,309,2,1,383.44,11.9,4.7,1.9,5.0,7.1,1,0
33,137,2,147,288.5,3.11,1.1,1.5,9.6,2.6,1,1
68,202,2,287,423.06,9.16,5.3,2.2,9.3,7.5,0,1
33,436,2,142,496.07,9.29,1.2,1.5,3.8,7.4,1,1
14,313,2,53,419.01,19.19,8.4,8.6,2.9,3.1,1,0
21,117,2,69,362.7,8.91,8.4,1.5,8.6,3.4,1,1
48,154,2,90,289.62,11.21,8.1,3.4,9.2,6.9,1,0
20,425,2,220,251.98,10.9,3.6,1.9,5.9,4.5,0,0
8,291,2,192,87.98,12.92,8.5,3.7,6.7,2.8,0,1
7,63,2,63,229.72,15.09,5.9,1.8,3.3,7.6,1,1
67,244,2,73,459.56,4.89,4.4,7.0,8.2,2.4,1,1
17,25,2,161,413.61,10.81,6.6,2.2,6.7,8.7,1,1
33,90,2,169,147.22,16.61,1.1,8.7,5.5,5.6,0,0
48,75,2,89,259.97,9.53,2.3,8.4,1.5,2.0,1,0
76,294,2,176,417.53,5.93,7.7,1.1,9.2,7.2,1,1
59,386,2,269,80.32,13.27,3.2,9.1,6.5,5.7,0,0
86,391,2,73,224.33,16.56,6.4,1.3,2.7,3.7,0,1
22,210,2,245,433.33,1.73,4.5,3.2,6.5,4.8,0,1
30,475,2,77,231.75,15.65,8.7,1.3,7.1,3.7,1,1
38,418,2,159,84.93,16.52,9.6,4.0,5.7,3.4,0,1
51,347,2,98,294.14,9.5,9.0,5.6,7.5,2.5,0,0
54,17,2,102,437.78,19.67,3.4,8.2,6.2,4.3,1,0
8,128,2,132,315.63,15.84,2.7,4.0,9.5,3.3,0,1
27,427,2,102,151.83,15.59,5.3,7.3,1.5,7.2,1,1
27,443,2,19,222.91,15.08,1.1,2.7,2.0,7.2,1,0
98,364,2,82,252.56,3.44,1.2,7.8,2.6,5.5,0,0
21,251,2,279,310.67,4.74,6.0,3.1,7.2,8.0,1,0
30,179,2,129,391.71,9.55,5.7,2.3,6.8,8.6,0,1
97,182,2,89,94.49,5.65,10.0,2.7,9.0,6.2,0,0
28,152,2,213,450.34,8.6,2.8,2.6,7.6,6.6,0,1
64,25,2,143,55.54,17.83,3.3,5.6,5.6,3.5,1,1
97,455,2,65,216.52,16.57,2.0,8.6,9.9,9.1,0,0
69,180,2,76,62.34,12.79,9.3,1.7,3.4,1.2,1,1
61,198,2,199,226.84,17.23,8.0,7.4,8.5,4.1,1,0
48,344,2,143,286.62,15.78,8.4,6.9,4.8,7.5,1,1
19,161,2,93,280.26,8.87,9.1,8.9,6.8,1.7,0,1
4,177,2,224,124.53,4.42,5.7,3.2,7.5,2.6,1,1
35,285,2,291,340.58,10.53,5.1,5.1,6.7,6.3,1,1
64,63,2,102,70.15,14.86,4.0,9.3,2.3,6.0,0,1
49,491,2,267,392.86,9.01,6.3,6.9,5.0,7.7,0,1
17,150,2,110,475.99,13.5,5.1,4.5,6.1,8.3,1,0
44,154,2,265,202.9,2.34,5.1,2.2,8.6,2.2,1,0
92,156,2,3,282.76,15.09,9.4,3.4,5.0,1.2,0,1
30,370,2,85,220.51,16.35,9.9,6.2,9.3,7.2,1,0
93,469,2,282,53.02,14.28,8.2,7.5,5.0,3.7,1,1
46,49,2,117,223.64,19.36,7.8,2.1,5.9,6.6,1,0
6,455,2,221,406.27,16.62,7.1,6.4,8.2,2.4,1,0
99,337,2,154,318.19,18.11,2.5,6.0,6.2,5.2,0,1
37,84,2,153,95.57,18.7,1.5,5.6,9.6,5.5,1,0
24,361,2,12,431.21,16.13,7.2,7.2,6.9,6.3,0,1
93,177,2,133,288.99,13.65,7.6,8.5,5.7,5.6,1,0
46,148,2,293,428.78,0.61,1.4,3.9,1.2,5.5,0,1
53,118,2,228,311.1,9.58,9.4,9.0,4.7,4.0,1,0
95,342,2,271,301.86,11.64,1.8,2.4,3.7,1.6,0,1
99,476,2,43,97.37,6.43,3.6,2.6,7.7,1.8,1,0
60,63,2,21,125.31,6.7,7.1,3.4,2.9,4.9,0,1
97,189,2,107,487.41,19.24,2.5,2.1,2.8,4.2,1,0
63,360,2,117,152.82,17.89,1.5,3.1,2.7,5.6,1,1
85,49,2,124,489.85,17.06,4.0,2.0,2.1,3.7,0,0
32,327,2,281,289.36,8.42,7.9,8.4,3.8,7.2,0,1
87,257,2,292,111.11,0.77,4.7,2.3,9.0,8.8,0,0
33,224,2,203,94.69,2.06,6.9,7.7,8.0,3.7,0,1
67,141,2,51,143.99,6.59,6.2,1.4,7.6,2.7,0,1
18,478,2,271,466.54,0.81,1.2,9.5,8.2,2.0,1,1
25,215,2,277,236.37,0.83,9.9,7.4,3.4,6.5,0,1
95,435,2,141,227.95,18.37,1.4,1.1,9.0,5.0,0,0
54,379,2,275,190.94,14.27,9.7,7.9,2.2,2.7,1,0
58,440,2,290,116.18,6.52,5.9,5.6,4.0,6.9,0,0
67,211,2,52,269.53,3.09,9.7,8.0,6.3,2.3,0,1
46,318,2,27,108.52,10.48,2.0,5.7,1.9,6.0,0,1
24,32,2,157,425.97,0.6,5.4,6.8,7.6,5.7,1,1
32,158,2,239,216.68,18.8,2.5,8.1,4.5,7.6,0,1
47,285,2,156,218.66,8.59,1.5,4.6,8.1,1.5,1,1
86,305,2,291,263.3,8.35,6.6,1.0,5.4,9.0,1,0
23,429,2,136,249.86,8.12,2.9,8.6,2.6,7.3,0,0
66,477,2,144,497.69,1.85,6.3,4.4,7.6,2.9,1,0
27,286,2,106,295.42,12.95,2.0,5.5,3.3,2.7,0,1
2,144,2,158,89.69,14.79,4.0,1.1,5.4,4.9,0,1
90,424,2,146,323.09,13.68,8.0,5.4,1.7,8.4,0,1
17,19,2,2,118.21,3.2,4.9,9.9,6.6,8.6,0,1
33,18,2,77,63.92,11.79,6.6,3.5,7.0,5.7,0,1
9,257,2,132,486.83,11.6,6.8,4.6,4.4,8.7,1,1
43,78,2,90,398.09,17.43,8.6,7.2,9.6,1.0,1,1
48,371,2,263,491.05,7.89,3.9,8.3,8.9,1.3,1,0
39,175,2,108,265.05,7.74,7.2,4.8,7.4,9.2,1,0
93,498,2,74,289.52,12.56,9.7,3.8,7.4,8.0,0,1
42,194,2,39,125.75,12.84,7.6,9.4,3.3,5.1,0,1
26,476,2,159,161.11,9.65,5.4,7.1,6.9,7.8,1,1
99,113,2,71,427.35,9.14,6.7,2.1,2.8,9.6,0,0
50,114,2,241,210.28,10.14,7.7,1.6,2.3,7.9,1,0
25,222,2,298,422.07,17.29,6.5,5.4,10.0,8.6,1,1
24,166,2,36,369.06,9.49,1.2,3.0,6.6,7.8,1,0
13,435,2,84,129.73,18.83,2.8,3.3,4.9,2.5,1,0
60,319,2,263,278.35,10.33,8.3,8.9,3.6,8.5,0,0
7,132,2,172,354.82,19.01,3.5,1.8,6.4,2.8,0,1
57,385,2,173,155.77,16.74,7.6,7.4,1.4,9.0,1,0
36,264,2,47,423.81,7.57,4.3,3.4,1.9,5.1,1,0
45,413,2,141,295.17,17.34,5.7,7.8,1.3,7.1,1,1
20,55,2,118,124.36,2.65,1.6,7.5,5.5,5.5,1,1
65,359,2,277,312.34,18.54,2.6,1.1,6.4,1.8,1,0
8,131,2,214,499.87,12.82,9.6,5.6,1.6,3.6,0,1
16,288,2,220,117.73,1.56,9.0,2.3,7.5,9.9,1,0
14,266,2,26,417.54,13.06,6.9,8.8,3.1,9.6,1,0
76,458,2,9,143.29,19.5,5.1,8.8,7.2,3.9,0,1
87,467,2,271,402.07,1.86,7.1,4.8,9.8,10.0,0,1
15,366,2,10,380.56,11.32,6.6,5.0,7.2,8.6,0,0
92,162,2,121,185.22,15.08,6.1,3.7,8.9,6.5,0,1
98,380,2,125,196.62,16.3,1.5,7.4,9.5,1.4,0,1
66,481,2,170,406.63,8.57,6.7,4.2,5.4,9.1,0,0
32,87,2,72,257.65,4.48,7.9,3.4,7.3,6.0,0,0
87,55,2,152,378.87,1.33,9.9,4.9,8.7,8.8,0,0
63,476,2,208,116.59,11.8,1.1,1.8,4.2,8.5,0,0
86,288,2,49,433.65,9.33,7.6,7.7,3.4,8.5,1,0
51,178,2,154,369.9,19.0,6.1,1.1,9.5,7.3,0,0
25,391,2,293,458.12,1.68,4.9,6.8,7.5,3.6,1,1
58,349,2,68,109.57,13.87,2.1,2.6,3.0,4.0,1,1
63,8,2,50,316.86,0.99,4.7,3.1,5.0,3.8,1,0
62,321,2,152,319.6,3.84,4.2,6.7,8.2,1.2,1,1
22,313,2,19,209.06,9.34,3.7,9.9,5.9,6.2,1,1
58,247,2,100,256.31,9.37,7.6,8.0,6.8,7.3,1,0
58,323,2,60,67.09,13.87,7.3,3.0,7.8,8.7,1,1
86,472,2,167,385.64,18.25,6.3,2.6,6.6,2.3,1,1
49,471,2,202,297.2,12.96,9.4,8.8,5.9,5.9,0,0
52,443,2,146,75.98,19.09,4.1,5.0,7.7,1.1,1,1
42,255,2,164,356.34,17.69,3.2,2.2,7.5,1.9,1,1
70,328,2,242,260.05,11.9,6.9,8.8,6.7,1.5,1,0
15,54,2,69,65.51,16.76,2.8,8.3,4.2,7.5,1,1
54,249,2,175,486.32,13.03,3.8,9.9,4.7,1.7,0,1
60,239,2,49,477.1,2.03,3.0,9.2,9.7,7.4,1,1
97,229,2,108,280.81,14.94,1.6,8.7,2.0,3.2,0,0
8,67,2,226,92.15,2.35,8.4,1.5,3.4,8.9,0,0
53,51,2,161,389.58,12.08,3.3,1.9,5.4,8.3,1,1
60,97,2,119,271.37,14.2,5.3,6.1,8.5,9.6,1,1
5,92,2,149,186.1,1.8,1.4,5.8,2.5,9.0,0,0
68,495,2,150,271.14,5.0,7.3,5.1,3.5,9.4,1,0
6,264,2,293,285.1,18.36,4.0,4.6,1.6,8.7,1,1
96,418,2,143,303.22,12.52,7.7,4.9,7.4,7.2,0,0
94,291,2,160,248.55,5.3,4.7,6.1,3.1,2.5,0,1
47,96,2,11,322.59,13.97,2.8,1.0,4.5,3.4,1,1
99,88,2,138,463.43,12.14,5.6,3.3,5.0,2.9,1,0
55,78,2,78,213.02,10.28,2.2,5.7,9.0,6.4,1,0
40,288,2,77,376.57,19.54,5.0,7.5,4.7,5.5,0,1
52,120,2,254,452.5,13.83,3.9,2.6,2.3,8.8,1,1
16,302,2,258,255.19,7.82,9.2,5.9,5.7,9.6,0,0
13,491,2,291,249.56,16.1,1.5,7.4,9.7,4.6,0,1
30,400,2,263,320.95,17.75,7.2,5.0,6.5,5.6,1,0
19,452,2,85,316.13,2.94,2.6,1.2,9.9,9.7,0,0
17,500,2,146,412.97,4.41,3.9,5.0,8.6,3.5,1,0
63,165,2,42,264.42,4.72,4.7,3.7,1.3,8.1,1,0
19,182,2,125,498.26,13.98,9.2,9.4,6.9,3.0,0,0
92,469,2,167,76.76,12.26,3.2,2.1,3.6,7.1,1,1
58,398,2,241,51.43,12.57,1.8,6.9,6.0,3.3,0,0
55,223,2,280,338.09,18.85,3.9,1.5,3.5,9.0,0,0
90,311,2,188,184.3,15.63,1.9,5.0,4.1,6.1,1,0
90,432,2,19,158.17,2.99,2.2,6.0,9.3,2.7,1,0
62,466,2,68,190.35,7.28,6.2,3.7,2.9,3.0,1,0
23,7,2,218,165.22,8.99,1.5,5.1,8.9,5.4,1,0
9,330,2,102,63.86,8.22,1.3,2.5,1.3,9.7,0,0
12,263,2,42,487.19,13.55,7.4,3.7,1.8,7.9,0,1
1,161,2,288,149.34,17.89,4.3,6.6,8.7,5.4,0,1
58,151,2,167,380.31,6.47,2.1,3.7,6.7,4.0,1,1
1,85,2,109,393.17,11.26,3.3,9.1,7.7,5.9,0,1
34,147,2,36,468.17,15.89,6.8,6.7,2.9,7.7,0,0
96,112,2,232,63.75,8.62,3.5,4.9,5.8,8.1,1,1
48,381,2,229,442.42,3.78,5.5,1.3,7.6,3.9,1,0
89,403,2,164,287.25,9.76,2.1,5.5,6.6,7.5,1,1
1,36,2,73,334.64,1.58,6.3,7.9,5.2,6.9,0,1
16,285,2,136,340.01,18.88,3.8,3.4,9.6,9.6,1,0
61,188,2,70,418.91,1.96,6.6,8.3,7.1,9.4,0,0
64,82,2,196,200.03,9.05,8.3,3.3,9.2,8.1,0,1
63,2,2,269,379.87,10.83,6.5,8.4,7.6,7.5,0,1
69,385,2,49,287.86,19.71,3.7,1.8,7.6,3.5,0,1
22,303,2,130,407.03,3.74,3.3,8.8,1.7,8.6,0,1
93,197,2,5,495.75,2.73,3.9,5.5,4.2,4.8,1,0
67,404,2,27,140.29,0.67,2.5,3.7,8.7,3.5,0,1
76,11,2,160,497.59,3.53,2.6,3.4,3.1,4.5,1,1
26,234,2,149,90.42,4.54,8.1,4.9,2.0,8.5,0,1
16,386,2,264,51.04,12.8,4.5,10.0,3.9,2.3,0,1
51,195,2,230,69.87,4.78,4.9,3.0,3.0,5.1,1,1
86,471,2,200,203.8,0.9,6.3,1.9,9.3,5.4,0,0
57,119,2,50,334.81,16.62,6.3,6.3,8.8,1.3,0,0
29,396,2,67,81.06,7.63,1.6,5.4,5.5,2.8,1,0
78,20,2,58,52.55,7.4,8.5,5.7,1.6,8.4,1,0
92,261,2,259,471.69,6.4,2.6,7.0,7.4,8.5,0,0
69,293,2,130,419.87,19.52,7.5,3.4,6.6,3.6,0,1
47,422,2,215,414.13,3.82,8.0,9.2,9.7,8.9,0,0
94,256,2,172,447.99,18.02,7.4,4.9,6.0,7.9,1,0
62,222,2,258,365.02,15.65,6.2,2.2,4.0,4.8,0,1
69,393,2,102,96.98,1.99,1.1,7.7,5.7,7.7,1,0
76,226,2,209,229.6,19.74,4.2,6.8,9.8,9.7,1,0
16,53,2,291,375.42,5.79,6.4,3.8,7.3,5.1,0,0
90,428,2,286,176.15,2.42,4.5,6.6,7.0,3.1,1,0
90,355,2,116,359.33,16.67,8.8,3.0,3.2,9.5,0,1
48,500,2,264,61.02,14.28,3.8,5.0,7.7,6.4,0,1
85,342,2,150,187.76,12.54,3.6,9.1,7.8,1.9,1,0
39,364,2,36,297.11,3.54,3.4,2.2,3.9,6.2,1,1
100,280,2,287,334.44,9.83,4.0,4.5,5.4,5.5,1,0
33,81,2,208,309.67,15.72,6.0,8.4,3.7,8.7,1,1
94,202,2,106,363.99,6.42,7.4,9.7,3.3,5.8,1,1
23,158,2,158,52.74,6.58,7.0,5.1,1.2,3.3,1,1
10,120,2,121,95.42,0.56,8.3,5.6,3.6,7.1,0,1
69,59,2,55,441.02,3.9,9.0,6.1,6.0,5.9,0,1
100,494,2,12,356.79,17.57,8.3,9.4,1.0,3.1,0,1
34,215,2,145,100.82,9.11,1.2,8.7,3.5,6.2,1,1
52,128,2,136,428.93,19.69,7.6,2.5,8.9,8.4,1,1
95,224,2,3,159.0,8.22,2.9,4.9,6.3,1.3,1,1
10,209,2,144,265.22,14.45,2.2,5.2,6.5,6.7,0,1
19,370,2,30,115.34,6.0,6.7,8.1,4.6,4.1,0,1
58,115,2,237,369.55,7.59,3.9,6.4,7.1,3.6,1,0
96,209,2,279,350.08,4.22,1.5,6.9,2.7,4.5,1,1
1,14,2,115,145.0,7.27,2.2,10.0,8.4,4.1,1,0
69,9,2,104,438.53,11.17,1.0,1.7,2.1,8.5,1,1
4,40,2,118,230.59,19.84,9.1,3.0,6.9,3.5,0,0
16,450,2,5,181.63,13.45,1.2,4.7,4.1,7.6,0,0
24,237,2,248,118.55,4.39,2.9,4.1,7.7,1.8,0,0
80,281,2,121,169.78,1.38,4.7,1.2,5.9,9.6,1,1
2,359,2,286,59.91,2.96,4.2,1.8,5.1,6.6,0,1
92,201,2,149,312.47,11.47,9.2,7.1,2.5,7.4,1,1
32,246,2,84,429.0,15.42,1.4,8.9,6.7,3.7,1,1
91,278,2,231,297.04,18.84,5.6,5.6,9.8,4.7,1,0
84,235,2,288,148.67,0.81,7.1,5.9,8.4,3.0,0,1
24,494,2,161,65.15,10.69,9.4,3.3,1.5,9.4,0,1
12,4,2,272,146.58,9.68,6.6,7.9,4.4,5.4,1,1
50,154,2,38,237.25,13.29,8.2,7.8,9.3,6.7,0,1
35,442,2,226,391.83,11.41,1.8,6.3,5.5,7.6,1,1
33,29,2,142,134.53,13.9,4.5,2.9,7.0,4.3,1,1
33,109,2,292,373.91,13.33,4.4,1.9,9.2,7.5,1,1
61,98,2,151,440.12,2.78,9.0,1.6,8.9,7.1,0,1
51,215,2,114,254.28,16.09,2.4,6.3,5.5,7.4,0,0
43,293,2,237,419.64,2.9,2.4,8.4,4.9,5.4,1,0
12,75,2,66,299.6,14.12,4.0,8.7,4.1,4.4,0,1
67,326,2,258,336.69,8.61,1.5,5.2,7.5,3.0,0,1
65,146,2,249,286.83,10.52,2.6,8.1,3.6,8.4,0,1
33,128,2,180,258.43,18.11,9.7,9.5,3.2,6.5,0,1
40,341,2,190,155.59,17.85,4.9,3.5,4.2,5.0,1,0
74,42,2,154,186.44,16.45,6.7,4.6,2.6,9.5,0,0
43,356,2,196,180.49,10.45,7.5,9.4,7.3,1.4,1,1
44,41,2,262,303.48,14.86,4.3,4.0,6.5,8.7,1,0
29,422,2,143,103.98,10.5,2.3,9.2,5.3,10.0,0,0
13,34,2,101,462.56,17.46,2.9,9.8,4.5,9.0,1,1
12,17,2,244,374.29,8.35,3.8,7.0,9.2,8.3,1,1
95,165,2,12,230.65,19.42,6.7,8.4,1.3,4.4,0,1
46,153,2,239,121.38,18.68,4.6,7.7,7.9,3.1,1,0
2,486,2,49,446.9,14.96,1.1,7.3,9.1,7.6,1,0
35,378,2,42,420.7,5.95,5.7,3.8,5.0,3.7,0,1
87,76,2,166,374.77,3.07,9.3,1.5,6.0,2.6,0,1
81,87,2,82,172.2,17.17,8.3,4.1,9.5,8.1,0,0
90,117,2,291,231.1,3.72,8.4,7.0,2.9,3.8,0,0
8,362,2,158,96.24,17.16,8.2,1.9,5.7,9.2,0,1
93,342,2,216,135.07,10.07,3.9,1.1,5.3,8.6,1,0
26,469,2,158,402.36,8.43,7.9,2.3,3.3,8.6,1,1
74,27,2,134,371.77,18.11,2.3,7.4,8.4,7.9,0,1
90,313,2,67,317.07,12.28,6.9,9.8,9.1,8.9,0,0
34,287,2,7,453.08,11.74,6.8,9.8,8.0,8.3,1,0
7,134,2,14,312.47,11.4,1.2,5.4,2.8,6.4,0,0
68,219,2,73,260.14,7.74,8.1,8.8,1.8,3.7,0,1
58,168,2,163,203.17,15.82,9.1,7.6,6.4,9.0,1,1
75,98,2,66,473.2,5.43,3.4,5.5,1.5,8.6,1,1
29,268,2,130,87.22,18.81,8.3,6.2,7.1,5.3,1,1
36,237,2,206,468.9,17.93,1.7,2.2,5.8,1.4,0,1
89,309,2,276,422.02,7.08,6.4,9.4,7.0,6.7,1,1
21,455,2,256,108.47,14.72,5.4,4.2,6.3,1.5,0,0
36,394,2,266,304.24,11.68,5.9,5.0,4.8,9.3,1,1
10,173,2,25,439.95,7.08,9.3,7.0,2.8,9.7,0,1
73,401,2,281,307.31,19.78,8.8,4.0,3.8,2.7,0,1
24,410,2,253,458.24,0.99,8.1,3.3,5.7,7.1,0,1
64,469,2,289,474.34,5.43,3.5,6.7,6.9,1.8,1,0
99,476,2,164,240.07,10.64,9.2,1.2,8.0,7.6,1,1
49,190,2,95,219.79,10.68,1.9,7.5,7.9,4.1,1,0
99,122,2,270,471.34,11.98,8.7,5.6,9.8,7.1,0,0
36,46,2,110,353.81,15.16,4.0,6.5,3.6,4.4,1,1
82,64,2,238,102.21,12.66,1.5,6.7,1.6,2.3,1,1
96,130,2,25,69.03,12.21,7.0,5.7,4.1,4.7,0,0
24,310,2,141,304.08,1.54,3.1,6.2,7.7,2.0,0,0
23,363,2,117,468.58,7.84,3.2,7.2,4.9,6.2,1,1
62,193,2,25,429.91,5.03,3.8,7.8,8.4,1.4,1,0
96,307,2,79,354.13,5.67,1.6,7.5,5.9,5.7,1,1
37,181,2,68,112.6,11.31,2.6,8.8,9.4,9.0,0,1
12,292,2,173,164.4,4.39,1.0,2.7,9.5,8.5,1,0
55,371,2,12,443.98,6.23,5.0,4.6,1.6,8.9,0,1
13,282,2,288,132.26,5.12,1.8,9.5,5.1,9.3,0,1
23,29,2,128,175.3,19.0,7.1,4.6,6.5,1.9,1,1
89,149,2,96,108.32,18.92,3.1,2.1,3.3,2.2,1,0
99,267,2,92,354.25,12.39,9.5,5.7,4.7,6.0,0,0
30,296,2,141,474.79,18.53,8.8,2.0,7.1,9.0,0,0
17,11,2,31,171.04,15.82,3.6,2.8,3.0,9.8,1,1
62,164,2,20,263.93,12.0,8.0,10.0,6.4,1.4,1,0
84,113,2,146,335.45,0.63,8.2,5.9,7.3,4.2,1,0
89,187,2,160,499.76,15.56,9.9,3.6,1.8,2.9,0,0
86,295,2,43,97.16,14.2,6.4,10.0,5.5,7.8,0,1
13,232,2,254,274.36,12.5,1.7,9.7,3.4,6.8,1,1
59,227,2,130,223.3,15.33,6.8,5.0,7.5,2.1,0,0
19,310,2,60,439.62,10.5,6.6,3.3,2.7,5.4,0,0
49,98,2,151,264.19,14.23,6.7,8.5,9.0,7.2,1,0
100,55,2,287,99.94,18.74,3.8,7.4,4.9,8.0,0,1
12,111,2,5,335.49,7.83,8.7,7.2,2.8,1.2,1,0
61,152,2,266,396.85,14.31,9.6,9.0,4.9,9.0,1,1
19,246,2,130,51.3,9.78,3.0,7.2,4.7,6.1,0,1
76,406,2,267,436.53,13.65,1.8,3.6,4.9,8.3,0,1
9,69,2,178,133.71,15.38,2.8,7.2,6.3,8.3,1,0
71,312,2,253,298.43,1.39,8.4,3.8,5.7,2.7,0,0
28,289,2,56,237.11,13.11,7.1,7.8,2.3,2.0,1,1
78,250,2,83,373.84,4.92,6.7,6.6,1.6,7.5,0,1
95,36,2,99,217.02,13.57,4.6,1.7,7.6,2.4,0,1
52,239,2,149,441.39,9.63,6.2,5.6,6.0,8.6,0,1
83,148,2,156,378.72,15.58,3.8,4.1,4.2,7.5,1,0
16,467,2,190,341.47,2.91,5.3,4.0,8.3,8.6,0,0
69,227,2,263,408.31,12.71,8.1,6.4,4.5,3.7,1,1
99,244,2,80,389.31,5.93,9.8,3.9,8.2,3.8,1,1
12,491,2,252,66.17,17.13,9.4,8.0,3.8,7.0,1,1
25,337,2,97,227.63,18.6,9.4,1.6,1.7,1.3,0,0
52,446,2,260,468.86,19.93,4.6,6.9,9.4,7.5,1,1
85,365,2,260,106.58,16.02,5.2,8.3,4.6,8.5,1,0
100,491,2,103,381.69,15.2,7.4,7.1,8.1,4.7,0,1
53,482,2,40,488.57,4.7,9.3,5.5,3.5,7.9,1,0
23,201,2,273,73.49,7.05,2.3,9.6,6.8,2.6,1,0
16,154,2,101,356.99,9.58,3.7,3.7,8.9,3.9,0,1
57,450,2,221,260.67,15.58,2.3,1.2,1.4,9.8,1,0
39,73,2,124,310.63,18.34,6.5,4.9,8.5,9.9,0,0
53,201,2,231,88.4,4.19,3.8,1.3,6.1,5.6,1,0
42,296,2,178,69.35,18.49,3.9,9.6,6.5,9.4,1,0
58,17,2,63,350.09,14.06,1.6,2.9,5.7,5.7,0,1
39,129,2,116,420.49,12.41,4.1,8.1,8.9,3.6,1,1
14,217,2,191,401.91,4.4,8.8,8.0,1.4,3.4,1,1
95,61,2,62,294.71,1.58,3.1,3.0,3.3,9.4,1,1
5,427,2,256,94.94,11.59,7.3,6.6,8.9,2.6,0,1
35,104,2,7,359.62,13.2,6.7,1.4,7.8,6.2,0,0
87,42,2,155,158.85,4.61,8.8,5.4,1.2,6.0,0,0
93,25,2,92,459.98,11.35,2.2,1.1,5.7,7.7,0,0
75,39,2,14,427.22,17.2,9.8,9.3,5.8,5.5,0,0
18,291,2,229,369.22,16.78,6.2,9.8,4.6,3.5,1,1
76,131,2,86,476.98,18.58,10.0,3.0,3.7,2.5,0,1
9,498,2,133,64.14,7.63,9.2,2.9,7.1,6.6,0,0
74,229,2,183,381.29,6.7,3.0,7.8,2.9,7.5,0,1
58,108,2,62,198.61,15.11,1.5,3.3,8.2,6.1,1,0
17,172,2,219,457.73,8.91,3.3,9.1,8.2,7.6,1,0
7,435,2,246,170.0,2.21,5.7,6.2,4.7,2.3,0,1
46,478,2,230,376.19,6.01,2.5,4.2,3.6,8.9,1,1
13,102,2,79,444.94,8.66,2.5,8.5,3.6,6.2,1,1
40,354,2,149,68.75,6.2,5.2,5.4,5.3,2.1,1,1
42,12,2,138,228.94,6.98,1.3,9.2,7.5,5.2,1,1
9,275,2,65,393.04,6.23,2.1,9.4,4.2,8.6,0,1
50,101,2,13,254.71,1.31,4.7,2.5,6.5,9.1,0,1
27,44,2,213,170.26,12.92,1.6,1.0,4.4,3.4,1,0
66,443,2,242,148.91,12.15,4.6,9.9,3.7,7.4,1,1
5,305,2,213,109.18,13.24,5.3,9.2,1.2,1.9,1,0
29,445,2,181,435.71,4.25,5.1,1.5,1.0,1.3,1,0
37,17,2,173,308.91,6.27,8.8,8.5,3.0,6.0,0,1
38,330,2,160,84.37,12.58,5.8,5.1,4.7,7.3,1,0
83,57,2,164,222.16,12.19,5.2,3.3,8.7,8.2,0,1
8,311,2,188,215.48,10.37,4.7,8.9,8.2,4.1,1,0
65,497,2,191,131.78,7.33,8.4,2.8,3.4,1.1,0,0
86,303,2,256,245.98,18.3,9.1,9.5,3.2,5.3,1,0
17,12,2,183,199.44,7.13,8.7,2.9,3.0,1.1,0,1
71,318,2,117,203.81,9.38,7.1,6.5,4.1,1.8,0,0
89,80,2,282,382.56,13.72,2.2,3.0,5.5,3.9,0,0
45,216,2,196,150.47,11.09,3.5,5.9,4.9,4.9,1,0
4,339,2,34,338.84,7.26,1.4,7.2,3.0,3.5,0,1
36,264,2,52,306.79,9.0,9.4,2.7,2.2,6.2,1,0
70,479,2,112,305.64,15.99,6.9,5.7,1.1,1.5,0,1
31,149,2,252,348.35,5.92,7.7,5.2,2.4,2.3,0,0
19,81,2,82,296.77,3.27,3.8,1.6,7.3,7.3,1,0
61,215,2,232,445.66,6.61,8.6,8.4,3.2,2.3,0,0
54,485,2,227,354.01,17.07,3.3,4.0,5.2,6.8,1,1
39,374,2,233,296.13,2.24,1.0,6.2,6.3,1.5,1,0
91,464,2,221,423.39,19.84,4.4,5.6,9.0,4.7,1,0
74,198,2,42,322.77,11.05,6.1,5.6,9.0,2.6,1,0
90,200,2,21,181.01,19.7,5.3,2.0,7.7,2.0,0,0
19,25,2,42,143.19,18.81,8.8,4.8,1.3,6.1,0,1
39,466,2,113,118.55,9.33,1.9,5.1,6.2,9.4,1,0
67,89,2,105,454.75,4.37,6.0,7.6,8.1,1.5,0,0
45,268,2,192,369.56,3.72,5.6,8.6,1.2,4.8,0,0
13,143,2,17,471.82,5.18,3.5,5.9,5.9,7.4,1,0
92,59,2,120,321.48,14.35,8.4,1.8,8.7,5.2,0,1
58,410,2,129,263.03,5.82,7.8,3.1,5.3,8.3,1,0
20,489,2,130,76.87,7.16,7.6,2.5,1.0,2.6,0,0
92,365,2,60,352.24,9.25,8.9,2.1,1.1,9.6,0,1
72,26,2,48,311.99,18.31,7.5,4.3,4.7,4.5,1,0
61,47,2,29,495.59,4.19,3.1,3.1,2.4,4.1,0,0
39,288,2,97,157.62,0.6,7.4,3.0,7.0,8.9,0,0
1,266,2,10,288.83,1.67,3.8,1.5,7.4,6.1,1,1
3,16,2,242,342.93,18.14,3.2,1.2,2.6,5.6,0,0
77,199,2,232,340.07,13.13,1.7,1.9,9.0,7.5,1,1
92,401,2,277,302.58,5.82,7.7,2.5,5.0,6.2,0,1
62,407,2,284,399.62,3.96,7.4,4.9,2.3,2.5,1,1
63,282,2,203,142.24,6.24,3.1,5.6,7.9,7.1,1,1
25,469,2,247,376.53,2.74,7.7,2.3,8.1,2.2,1,1
56,86,2,290,328.88,18.86,9.3,4.8,6.8,8.3,1,1
33,250,2,264,453.23,15.79,2.0,4.1,8.7,9.9,1,1
38,391,2,214,431.24,9.52,3.1,2.7,7.6,4.4,0,0
6,270,2,200,191.82,17.37,7.8,1.1,8.9,5.0,0,0
58,335,2,79,174.31,5.36,3.5,5.2,4.9,1.4,1,1
44,117,2,173,491.74,14.48,6.6,7.2,7.7,1.1,0,1
45,7,2,69,287.27,17.19,1.7,3.0,10.0,9.3,1,1
32,137,2,87,457.89,7.46,5.1,2.2,7.5,2.2,0,1
45,371,2,101,123.75,15.27,7.7,9.0,2.0,5.0,0,1
61,176,2,8,339.27,6.25,7.2,3.5,5.7,8.3,1,1
47,328,2,200,414.44,6.33,8.3,3.0,6.3,9.0,1,0
21,498,2,87,476.33,2.59,8.9,8.7,2.6,5.7,0,0
80,315,2,43,201.8,9.08,8.0,8.4,9.7,6.1,0,1
85,215,2,109,376.24,14.73,7.0,5.0,2.6,7.0,1,1
75,477,2,152,292.47,18.83,1.3,5.4,2.6,9.7,0,1
36,82,2,17,77.28,12.27,5.8,3.0,9.2,6.4,0,0
99,223,2,133,360.5,17.33,1.3,1.7,5.2,6.0,1,1
19,478,2,148,360.54,16.54,8.3,6.2,1.6,1.1,0,0
20,372,2,277,468.77,3.88,3.9,1.9,6.4,1.7,1,0
57,423,2,232,273.79,9.97,6.1,5.0,6.4,6.2,1,0
18,483,2,228,153.61,2.78,3.5,9.5,1.6,9.4,1,1
47,402,2,139,70.05,13.8,8.0,9.6,9.8,8.8,0,1
49,443,2,211,237.04,19.02,9.0,3.2,5.9,9.8,0,0
14,490,2,28,185.86,3.17,4.6,6.6,6.0,5.8,1,0
15,103,2,51,392.49,14.81,8.8,5.3,5.7,8.1,1,0
31,273,2,261,209.42,12.83,3.4,8.9,6.5,8.6,0,0
1,14,2,261,477.08,11.88,5.8,3.4,3.4,6.8,0,1
54,159,2,8,483.04,8.11,8.7,1.0,3.6,4.0,0,0
3,152,2,138,329.41,7.43,3.9,2.5,5.6,5.2,1,1
16,483,2,38,467.9,1.38,9.6,4.1,8.3,8.7,1,0
87,108,2,111,392.38,4.75,2.1,3.8,1.4,3.7,0,1
57,188,2,220,296.09,0.8,1.2,8.1,6.4,9.3,0,0
75,301,2,223,131.14,11.84,9.1,7.1,8.3,3.1,0,1
12,98,2,136,256.37,2.56,1.6,3.7,2.4,7.7,1,1
74,131,2,256,302.39,17.52,9.9,5.1,1.1,6.7,1,1
96,293,2,49,438.78,10.7,9.6,1.9,3.8,7.7,0,0
16,171,2,292,266.6,14.14,2.2,9.1,6.3,4.9,0,1
72,424,2,78,453.95,8.51,5.8,9.4,2.2,9.4,1,0
76,474,2,105,353.46,11.43,2.7,9.8,4.8,6.7,1,1
24,183,2,169,111.65,18.88,4.9,8.8,6.0,3.6,0,1
28,471,2,217,497.74,2.11,1.6,2.6,6.4,6.7,0,0
8,364,2,119,287.25,5.45,3.0,1.4,3.5,3.6,0,1
92,39,2,190,226.34,15.71,4.3,6.2,4.6,3.6,1,1
36,15,2,255,346.6,2.43,4.9,9.2,8.0,4.6,0,0
90,376,2,266,99.0,1.98,9.8,2.6,9.5,8.7,1,1
8,497,2,149,336.44,7.55,8.3,1.1,8.8,5.5,1,1
58,4,2,164,274.21,2.3,7.6,8.2,6.1,7.1,0,1
60,349,2,140,233.0,11.91,5.8,1.7,4.7,4.5,0,1
50,470,2,258,478.86,4.91,8.6,4.7,4.0,3.4,1,0
28,409,2,269,285.14,17.97,4.1,7.1,2.1,9.6,0,1
92,397,2,181,148.6,15.78,7.4,3.1,2.0,6.4,1,1
41,210,2,160,256.53,14.14,9.9,1.8,7.2,9.4,0,1
100,161,2,288,463.72,12.53,3.8,7.9,3.3,2.8,0,1
64,16,2,288,129.24,17.34,7.1,6.7,3.3,2.3,0,1
27,493,2,226,146.28,4.85,8.6,9.9,10.0,8.7,0,1
63,426,2,11,55.86,17.53,9.2,4.1,2.7,7.1,1,1
17,108,2,10,56.39,15.9,7.5,1.6,2.3,2.7,1,1
73,382,2,271,423.23,15.09,3.6,7.6,1.9,3.4,1,0
33,450,2,273,379.46,11.44,3.9,5.7,6.2,8.2,0,0
84,311,2,183,209.77,5.3,1.2,2.9,6.7,5.1,1,0
77,227,2,153,364.24,8.76,7.8,8.0,4.3,7.0,1,0
92,170,2,124,227.84,15.97,1.4,2.8,5.8,3.9,1,1
29,34,2,114,478.8,1.12,8.8,3.3,8.1,4.4,0,1
13,414,2,278,485.17,15.75,2.1,1.8,8.4,9.9,1,0
46,251,2,213,226.76,5.18,2.5,4.6,9.6,3.2,0,0
35,247,2,172,434.4,3.31,5.3,4.8,8.4,5.6,0,0
6,269,2,288,397.89,2.76,7.6,5.6,6.1,8.6,1,1
82,141,2,174,189.5,1.03,2.3,7.4,2.6,3.2,0,1
69,274,2,113,154.42,10.71,5.0,9.2,1.9,4.7,1,0
47,416,2,122,256.21,4.76,5.3,2.2,1.5,6.5,1,0
25,96,2,32,401.61,19.79,2.9,1.5,7.0,5.3,1,0
66,227,2,222,482.08,11.7,2.0,1.2,8.3,5.1,1,0
10,379,2,119,393.61,3.19,8.5,2.3,5.6,4.3,1,0
56,39,2,39,434.84,13.93,5.5,6.9,1.5,6.3,0,1
30,302,2,268,321.38,18.01,1.1,7.5,5.8,6.6,1,0
5,500,2,233,425.93,15.03,8.2,8.1,9.4,6.9,0,1
33,29,2,18,402.99,1.99,9.8,3.2,6.4,1.6,1,0
65,446,2,149,219.64,17.97,6.5,3.8,8.3,6.7,1,0
18,497,2,149,298.4,15.98,5.5,5.3,8.2,9.6,1,1
96,477,2,126,412.14,3.59,8.9,1.6,9.4,5.9,0,0
49,318,2,238,70.73,1.51,9.6,6.5,7.9,7.4,0,1
11,245,2,135,413.64,11.37,7.8,9.9,7.7,6.0,0,1
85,236,2,151,130.05,3.54,5.0,4.2,3.1,8.7,0,0
26,185,2,236,281.61,16.77,6.3,7.8,1.5,9.4,1,0
63,272,2,224,413.72,7.49,7.3,5.5,5.7,2.7,1,1
89,440,2,203,164.22,18.3,2.7,2.2,2.1,4.9,0,1
86,236,2,256,160.61,11.53,5.0,6.2,9.7,4.5,0,0
59,239,2,86,231.24,4.06,8.5,3.7,3.6,4.6,0,1
27,377,2,150,452.59,3.22,6.9,1.3,8.7,2.1,1,0
49,266,2,235,50.2,11.74,4.7,6.7,4.5,8.3,0,1
77,414,2,22,455.62,15.36,7.0,8.7,3.9,1.3,0,0
33,409,2,285,119.21,15.74,2.1,4.1,9.4,5.8,1,1
98,359,2,269,495.54,5.88,4.6,4.5,4.3,7.0,0,1
99,340,2,258,479.68,4.48,8.1,9.0,4.5,2.9,1,0
1,389,2,29,272.6,0.83,3.0,8.3,2.0,9.2,1,1
21,65,2,213,280.72,13.74,2.7,7.4,7.0,8.5,1,1
55,478,2,283,266.7,1.99,9.6,3.2,3.6,5.2,1,1
6,177,2,50,335.95,8.7,2.9,9.2,6.3,4.7,1,1
92,3,2,95,90.82,12.23,3.3,2.4,6.3,3.1,0,1
81,429,2,88,64.68,18.77,9.7,6.6,7.5,7.6,0,1
69,142,2,44,75.97,6.58,7.6,1.3,7.7,2.2,1,1
95,376,2,278,249.96,5.37,7.3,6.8,5.6,7.1,1,0
5,158,2,171,174.0,13.26,8.7,3.5,4.0,8.6,0,1
3,498,2,189,329.92,12.58,2.0,5.0,8.5,3.1,0,1
53,324,2,184,496.6,6.98,7.4,4.1,3.8,8.8,1,0
23,146,2,3,223.85,18.6,5.5,2.6,5.6,1.3,0,1
53,446,2,191,308.23,16.97,8.5,6.6,4.6,9.2,0,1
37,293,2,118,237.02,4.87,5.6,8.9,8.7,2.1,1,0
74,153,2,19,431.27,5.16,6.6,9.6,4.9,6.8,0,1
74,432,2,23,456.01,10.49,5.3,2.7,4.5,3.3,0,1
83,193,2,30,444.81,15.58,5.3,7.5,7.2,8.5,0,0
17,437,2,295,488.47,1.36,7.9,7.0,6.4,5.6,0,0
85,494,2,108,62.38,14.02,6.7,4.1,2.0,2.2,1,1
78,463,2,281,427.92,13.14,6.7,1.2,5.6,6.1,0,1
73,73,2,128,388.3,5.01,5.1,7.2,7.6,4.7,1,0
1,399,2,229,152.91,13.79,5.8,9.5,9.9,7.0,0,1
51,305,2,111,480.34,18.83,7.7,6.7,6.7,8.9,1,0
45,377,2,136,116.68,1.41,8.4,4.9,4.3,4.7,1,0
77,344,2,186,355.8,6.73,7.3,5.7,3.0,3.6,0,0
4,452,2,144,151.2,9.04,9.3,2.8,8.9,1.1,1,1
62,140,2,72,244.12,18.04,8.4,7.8,8.3,6.2,1,0
65,187,2,129,373.62,19.26,6.1,7.7,3.1,4.6,1,0
32,293,2,261,303.5,9.16,7.0,2.3,2.8,4.4,1,0
34,61,2,3,242.38,15.13,9.3,8.9,7.4,2.6,1,1
92,485,2,104,196.85,10.87,6.6,3.4,3.8,4.9,0,1
95,427,2,224,427.85,10.99,8.4,9.8,3.8,9.9,1,1
72,380,2,10,114.72,5.92,7.2,4.4,2.4,3.7,1,0
39,198,2,231,243.55,4.73,6.0,2.6,3.4,6.4,0,1
26,295,2,219,456.69,6.12,3.2,4.2,4.8,8.0,0,1
34,440,2,66,430.63,11.35,4.8,5.0,7.6,7.7,1,0
54,319,2,112,230.42,1.07,9.7,1.6,4.0,4.0,0,0
3,302,2,13,393.4,18.19,6.9,6.2,4.0,6.5,0,1
50,344,2,86,420.42,3.55,6.1,6.4,3.6,8.8,0,1
12,11,2,234,450.0,4.79,9.4,7.7,5.3,1.1,0,0
65,62,2,90,295.03,10.61,6.3,1.3,2.6,4.9,0,1
54,333,2,54,142.01,14.35,5.7,5.9,5.4,3.0,0,0
5,226,2,12,164.89,2.37,7.8,1.5,7.3,4.5,1,0
94,153,2,209,183.06,6.7,7.4,7.3,1.3,4.7,1,1
94,199,2,14,317.21,19.39,2.7,1.5,1.1,7.7,0,1
57,52,2,121,64.76,5.62,5.2,9.2,1.7,1.8,0,1
17,260,2,20,336.22,6.6,5.3,7.3,5.8,5.6,1,1
47,59,2,75,213.96,16.81,4.4,5.6,8.7,6.1,0,0
23,72,2,243,182.86,1.48,5.7,5.0,1.0,5.4,1,1
79,148,2,223,445.77,9.56,4.7,2.2,9.4,7.6,0,1
85,349,2,70,257.0,7.9,2.8,3.6,2.0,4.5,1,1
14,63,2,211,92.77,6.67,4.7,8.8,8.6,9.5,1,0
66,310,2,101,422.04,6.07,1.7,9.1,5.3,5.3,0,1
75,373,2,186,71.44,2.28,6.2,1.0,6.9,6.1,0,1
51,243,2,132,377.04,6.64,8.7,6.3,5.6,8.4,0,0
38,493,2,111,398.26,1.34,7.5,7.5,5.3,3.5,0,0
64,366,2,132,208.67,15.73,4.2,6.6,8.5,1.7,1,0
98,330,2,20,421.15,8.27,1.8,1.7,7.8,7.4,0,0
38,107,2,24,282.05,9.16,2.8,3.0,5.4,5.3,1,0
50,226,2,227,258.48,17.93,5.9,3.3,2.0,9.1,0,1
98,313,2,154,70.43,13.33,2.9,8.5,2.0,9.8,1,0
82,218,2,293,180.51,0.66,5.9,5.2,8.2,4.6,0,0
30,425,2,230,468.95,18.89,3.1,5.4,5.8,4.7,0,0
79,241,2,202,226.32,5.12,8.6,9.4,5.3,4.7,1,0
91,259,2,38,296.02,2.6,4.6,6.7,7.1,3.9,0,0
51,376,2,260,289.41,15.48,3.2,9.1,8.7,8.0,0,0
63,262,2,188,315.69,10.26,8.3,5.1,6.7,7.8,0,0
98,5,2,57,77.6,8.96,4.1,2.3,7.9,5.3,0,0
52,261,2,20,212.98,5.37,2.0,9.4,7.9,1.4,0,1
38,54,2,273,375.41,11.18,6.1,5.1,4.2,3.8,1,1
97,47,2,119,140.25,5.85,6.2,2.6,3.5,3.6,0,1
88,215,2,71,141.61,18.08,7.4,3.7,8.2,8.3,1,0
79,177,2,4,54.54,4.7,3.2,1.5,4.4,1.8,0,0
30,9,2,221,246.87,17.74,5.0,5.2,9.1,8.3,0,0
51,99,2,14,447.23,11.41,3.5,8.7,1.6,7.0,1,1
81,20,2,3,73.36,16.66,1.7,9.4,1.5,7.6,1,0
5,378,2,216,136.0,14.4,8.9,9.4,9.3,4.9,1,0
29,241,2,229,189.54,14.09,7.6,2.1,6.8,7.1,1,0
4,61,2,186,379.28,6.82,3.7,4.4,4.4,6.5,1,1
10,379,2,55,338.29,5.06,6.4,1.3,7.8,7.9,0,1
56,490,2,254,237.17,4.61,2.8,8.7,7.1,5.0,1,0
17,419,2,24,391.58,17.22,9.0,4.2,5.8,5.3,1,1
74,178,2,162,324.33,16.5,2.0,6.7,1.9,6.8,0,0
17,338,2,158,453.22,9.09,1.0,7.4,8.3,2.0,0,0
84,62,2,82,418.11,3.08,5.5,4.9,8.8,4.9,1,1
88,145,2,159,163.77,7.95,6.2,3.8,2.5,9.7,1,1
69,216,2,188,172.15,12.58,6.2,9.7,8.7,1.3,1,1
34,3,2,60,106.41,9.36,1.5,9.7,8.9,3.8,0,1
6,160,2,211,201.63,15.71,3.8,3.6,5.9,3.8,1,0
53,227,2,152,499.79,19.95,5.5,5.3,6.9,6.7,0,0
66,486,2,109,232.59,4.23,2.9,9.8,4.4,2.0,0,1
77,269,2,76,149.22,9.46,8.9,1.0,3.5,6.7,0,1
43,120,2,30,393.12,8.9,1.8,4.7,7.5,1.9,0,0
75,381,2,117,294.11,6.44,5.4,1.9,8.8,1.9,1,0
23,495,2,192,117.32,4.36,7.2,5.6,6.9,7.6,0,0
55,89,2,19,221.31,1.78,3.4,1.2,5.6,3.9,0,0
80,329,2,173,236.51,17.8,6.6,4.7,2.4,9.8,1,1
95,68,2,228,389.22,8.69,8.5,3.0,1.5,1.3,0,1
75,398,2,183,59.3,10.19,2.7,5.8,5.0,5.0,1,1
16,357,2,113,171.06,18.38,9.3,10.0,1.4,2.0,0,0
8,98,2,183,282.92,15.64,6.0,8.2,6.1,4.2,1,0
4,267,2,146,170.98,3.04,3.7,8.6,4.4,10.0,0,1
4,105,2,116,332.8,11.53,4.9,6.7,7.8,9.0,0,1
56,440,2,113,266.84,9.12,3.8,1.4,3.8,1.4,1,1
25,323,2,251,212.77,16.05,7.5,2.9,6.3,6.1,0,0
67,123,2,251,477.14,14.62,8.2,9.3,5.8,6.8,0,1
96,476,2,118,334.47,13.96,8.5,4.3,1.0,2.9,1,0
67,29,2,161,108.47,7.14,9.9,1.9,1.7,2.3,0,1
27,137,2,198,302.04,16.2,8.1,7.3,3.6,9.1,0,1
93,195,2,260,401.33,1.52,6.4,3.7,8.9,9.7,1,1
32,409,2,148,368.82,3.61,4.1,3.4,2.3,9.9,1,0
50,226,2,240,127.44,7.04,5.9,10.0,7.4,8.1,1,0
61,332,2,47,487.59,2.0,1.4,8.7,9.8,7.0,1,0
51,170,2,198,251.97,5.08,7.7,4.7,8.1,4.1,1,0
19,9,2,47,121.56,16.69,5.0,9.8,3.2,2.5,0,0
21,463,2,78,131.09,18.99,1.2,6.9,9.2,1.7,1,0
5,40,2,124,94.21,6.44,1.6,7.7,1.8,7.2,0,1
82,25,2,75,411.58,5.66,4.5,1.3,5.2,8.1,1,0
92,261,2,137,104.91,5.96,6.3,2.1,9.0,8.4,0,1
42,395,2,90,106.31,5.92,5.2,6.7,6.8,9.2,0,0
61,443,2,61,432.71,1.2,6.6,9.1,4.7,8.9,1,1
22,226,2,138,205.07,18.57,5.3,6.6,3.6,10.0,0,1
21,472,2,50,63.89,4.67,7.0,2.2,4.4,3.2,0,0
70,124,2,259,73.35,8.69,3.0,2.0,5.6,7.9,1,1
1,463,2,107,113.98,0.69,2.0,8.6,3.9,6.3,1,0
5,38,2,113,146.03,17.23,6.4,2.3,9.7,3.4,1,0
12,328,2,254,349.32,14.76,5.4,5.7,9.4,9.8,1,0
90,251,2,118,120.8,18.96,1.2,1.3,8.8,9.1,0,0
46,389,2,198,103.49,15.74,4.4,1.7,4.8,2.2,0,1
34,176,2,51,394.12,6.62,2.0,7.1,7.2,1.2,0,0
49,90,2,245,351.97,5.33,5.8,7.2,9.1,7.2,0,1
78,402,2,35,245.9,14.11,4.6,4.1,8.7,6.4,0,1
90,454,2,69,297.19,7.6,6.5,2.9,4.7,9.4,0,1
45,37,2,49,190.39,11.54,8.3,8.3,2.0,3.1,1,0
27,316,2,74,267.13,0.62,3.7,3.0,1.7,1.8,0,1
73,176,2,192,278.0,1.71,9.7,5.9,6.2,3.3,0,0
26,461,2,261,224.26,10.94,5.8,9.7,6.8,1.2,0,1
47,284,2,70,457.96,11.54,6.6,2.3,8.6,1.3,1,0
86,453,2,90,57.23,15.15,7.1,9.5,3.6,9.2,1,0
56,461,2,260,401.98,3.07,7.0,2.6,2.5,4.2,1,0
94,81,2,126,105.97,10.51,5.6,6.1,4.4,4.7,1,0
63,114,2,231,408.9,4.29,4.9,4.4,4.2,1.2,0,1
48,40,2,295,327.16,2.32,1.5,9.7,2.2,3.4,0,1
61,301,2,129,429.48,8.5,1.2,3.5,7.1,8.2,0,0
81,224,2,280,93.88,3.69,4.2,4.6,5.6,6.5,1,1
26,318,2,100,301.54,4.82,4.0,9.8,7.5,7.8,0,0
36,349,2,297,275.49,6.69,4.5,5.8,4.2,5.0,0,0
1,115,2,182,367.79,5.56,2.2,5.5,3.9,3.8,0,1
8,186,2,174,290.43,2.21,7.6,3.3,5.3,5.3,1,0
99,323,2,188,293.33,2.25,8.7,7.3,8.9,3.9,1,0
52,56,2,57,243.32,4.27,9.4,1.1,1.4,8.6,1,0
79,40,2,31,188.98,1.49,5.4,1.4,8.2,3.7,0,0
47,354,2,84,267.02,12.72,7.3,6.4,4.3,6.9,0,0
56,40,2,152,103.32,6.1,8.7,4.1,8.7,2.2,0,1
86,347,2,36,482.68,5.96,4.8,9.6,8.2,7.2,0,1
14,461,2,213,371.48,6.97,3.8,9.1,4.1,9.2,1,1
90,237,2,106,478.61,13.42,9.4,7.4,7.2,6.5,0,0
28,289,2,220,152.03,17.48,5.6,8.4,2.4,6.0,1,0
87,262,2,163,445.7,15.3,5.5,7.0,9.1,9.7,0,0
78,216,2,220,413.96,14.69,2.6,2.1,4.6,6.6,1,0
88,147,2,270,354.72,9.95,2.0,7.9,5.1,3.3,0,0
2,336,2,120,331.26,14.03,8.6,2.9,7.4,3.6,0,0
26,168,2,182,192.45,11.28,6.5,3.9,8.4,7.3,1,1
14,92,2,106,417.38,4.72,3.9,8.4,3.1,7.6,1,0
59,353,2,217,275.68,4.57,2.7,5.8,7.0,3.7,0,1
56,59,2,205,81.9,6.28,6.0,8.7,4.5,4.1,0,0
7,59,2,70,190.79,18.26,6.3,2.9,4.3,9.9,0,1
3,304,2,44,470.88,11.17,2.9,6.5,7.2,1.9,1,0
23,169,2,228,432.81,14.81,8.7,1.8,4.5,4.6,0,1
18,269,2,184,491.86,7.26,1.8,6.8,4.1,1.6,1,1
38,363,2,107,332.6,8.45,4.2,7.9,8.5,8.4,0,0
99,45,2,84,161.38,2.95,7.1,6.3,1.9,1.8,0,0
15,345,2,250,123.27,3.84,3.5,3.4,7.1,7.1,0,1
64,181,2,21,134.11,16.63,8.4,1.3,3.2,1.5,0,0
89,170,2,196,58.91,11.9,7.7,2.1,1.1,7.1,1,0
28,356,2,178,225.81,7.08,8.1,6.6,2.5,8.6,1,0
74,191,2,7,136.14,16.16,2.1,9.4,6.5,4.6,0,1
39,155,2,70,235.24,5.31,2.3,2.9,7.4,5.7,0,0
57,422,2,127,470.75,19.53,3.6,7.6,1.2,4.6,0,1
17,188,2,160,243.74,7.22,5.7,8.8,1.3,3.7,1,1
86,7,2,248,445.09,7.08,7.7,5.7,9.1,8.2,0,0
90,133,2,203,322.48,6.58,8.5,7.0,1.7,3.4,1,1
44,235,2,148,161.21,2.88,7.3,8.3,9.0,7.5,1,0
25,45,2,143,210.13,2.67,9.4,3.3,3.1,2.9,1,0
17,314,2,199,87.76,13.14,7.6,3.7,7.7,3.2,1,1
13,249,2,154,200.06,17.56,3.8,1.0,3.8,4.0,0,1
84,499,2,142,354.89,15.92,3.4,9.7,8.7,6.3,0,1
25,31,2,165,82.45,3.25,7.3,9.3,7.3,5.1,1,1
68,23,2,21,142.43,11.14,2.7,7.9,4.6,7.7,0,1
10,426,2,82,221.65,2.56,1.8,1.7,1.7,2.9,0,0
67,394,2,69,491.92,1.38,5.8,5.0,7.6,1.1,0,1
18,160,2,131,403.19,13.3,8.4,1.9,6.6,8.0,1,0
100,363,2,87,380.07,10.94,1.9,1.1,1.0,8.4,0,0
86,437,2,218,102.29,2.1,8.1,6.5,1.1,1.5,0,1
